̀ : [205, 128] : [204, 128]
́ : [205, 129] : [204, 129]
̓ : [205, 131] : [204, 147]
̈́ : [205, 132] : [204, 136, 204, 129]
ʹ : [205, 180] : [202, 185]
; : [205, 190] : [59]
· : [206, 135] : [194, 183]
क़ : [224, 165, 152] : [224, 164, 149, 224, 164, 188]
ख़ : [224, 165, 153] : [224, 164, 150, 224, 164, 188]
ग़ : [224, 165, 154] : [224, 164, 151, 224, 164, 188]
ज़ : [224, 165, 155] : [224, 164, 156, 224, 164, 188]
ड़ : [224, 165, 156] : [224, 164, 161, 224, 164, 188]
ढ़ : [224, 165, 157] : [224, 164, 162, 224, 164, 188]
फ़ : [224, 165, 158] : [224, 164, 171, 224, 164, 188]
य़ : [224, 165, 159] : [224, 164, 175, 224, 164, 188]
ড় : [224, 167, 156] : [224, 166, 161, 224, 166, 188]
ঢ় : [224, 167, 157] : [224, 166, 162, 224, 166, 188]
য় : [224, 167, 159] : [224, 166, 175, 224, 166, 188]
ਲ਼ : [224, 168, 179] : [224, 168, 178, 224, 168, 188]
ਸ਼ : [224, 168, 182] : [224, 168, 184, 224, 168, 188]
ਖ਼ : [224, 169, 153] : [224, 168, 150, 224, 168, 188]
ਗ਼ : [224, 169, 154] : [224, 168, 151, 224, 168, 188]
ਜ਼ : [224, 169, 155] : [224, 168, 156, 224, 168, 188]
ਫ਼ : [224, 169, 158] : [224, 168, 171, 224, 168, 188]
ଡ଼ : [224, 173, 156] : [224, 172, 161, 224, 172, 188]
ଢ଼ : [224, 173, 157] : [224, 172, 162, 224, 172, 188]
གྷ : [224, 189, 131] : [224, 189, 130, 224, 190, 183]
ཌྷ : [224, 189, 141] : [224, 189, 140, 224, 190, 183]
དྷ : [224, 189, 146] : [224, 189, 145, 224, 190, 183]
བྷ : [224, 189, 151] : [224, 189, 150, 224, 190, 183]
ཛྷ : [224, 189, 156] : [224, 189, 155, 224, 190, 183]
ཀྵ : [224, 189, 169] : [224, 189, 128, 224, 190, 181]
ཱི : [224, 189, 179] : [224, 189, 177, 224, 189, 178]
ཱུ : [224, 189, 181] : [224, 189, 177, 224, 189, 180]
ྲྀ : [224, 189, 182] : [224, 190, 178, 224, 190, 128]
ླྀ : [224, 189, 184] : [224, 190, 179, 224, 190, 128]
ཱྀ : [224, 190, 129] : [224, 189, 177, 224, 190, 128]
ྒྷ : [224, 190, 147] : [224, 190, 146, 224, 190, 183]
ྜྷ : [224, 190, 157] : [224, 190, 156, 224, 190, 183]
ྡྷ : [224, 190, 162] : [224, 190, 161, 224, 190, 183]
ྦྷ : [224, 190, 167] : [224, 190, 166, 224, 190, 183]
ྫྷ : [224, 190, 172] : [224, 190, 171, 224, 190, 183]
ྐྵ : [224, 190, 185] : [224, 190, 144, 224, 190, 181]
ᬆ : [225, 172, 134] : [225, 172, 133, 225, 172, 181]
ᬈ : [225, 172, 136] : [225, 172, 135, 225, 172, 181]
ᬊ : [225, 172, 138] : [225, 172, 137, 225, 172, 181]
ᬌ : [225, 172, 140] : [225, 172, 139, 225, 172, 181]
ᬎ : [225, 172, 142] : [225, 172, 141, 225, 172, 181]
ᬒ : [225, 172, 146] : [225, 172, 145, 225, 172, 181]
ᬻ : [225, 172, 187] : [225, 172, 186, 225, 172, 181]
ᬽ : [225, 172, 189] : [225, 172, 188, 225, 172, 181]
ᭀ : [225, 173, 128] : [225, 172, 190, 225, 172, 181]
ᭁ : [225, 173, 129] : [225, 172, 191, 225, 172, 181]
ᭃ : [225, 173, 131] : [225, 173, 130, 225, 172, 181]
ά : [225, 189, 177] : [206, 172]
έ : [225, 189, 179] : [206, 173]
ή : [225, 189, 181] : [206, 174]
ί : [225, 189, 183] : [206, 175]
ό : [225, 189, 185] : [207, 140]
ύ : [225, 189, 187] : [207, 141]
ώ : [225, 189, 189] : [207, 142]
Ά : [225, 190, 187] : [206, 134]
ι : [225, 190, 190] : [206, 185]
Έ : [225, 191, 137] : [206, 136]
Ή : [225, 191, 139] : [206, 137]
ΐ : [225, 191, 147] : [206, 144]
Ί : [225, 191, 155] : [206, 138]
ΰ : [225, 191, 163] : [206, 176]
Ύ : [225, 191, 171] : [206, 142]
΅ : [225, 191, 174] : [206, 133]
` : [225, 191, 175] : [96]
Ό : [225, 191, 185] : [206, 140]
Ώ : [225, 191, 187] : [206, 143]
´ : [225, 191, 189] : [194, 180]
  : [226, 128, 128] : [226, 128, 130]
  : [226, 128, 129] : [226, 128, 131]
Ω : [226, 132, 166] : [206, 169]
K : [226, 132, 170] : [75]
Å : [226, 132, 171] : [195, 133]
〈 : [226, 140, 169] : [227, 128, 136]
〉 : [226, 140, 170] : [227, 128, 137]
⫝̸ : [226, 171, 156] : [226, 171, 157, 204, 184]
